[100, 8, 23, 66]
[101, 8, 20, 73]
[102, 3, 24, 70]
[103, 2, 22, 55]
[104, 2, 30, 61]
[105, 10, 23, 75]
[106, 8, 17, 56]
[107, 4, 9, 49]
[108, 9, 10, 49]
[109, 14, 30, 55]
[110, 10, 20, 65]
[111, 0, 12, 69]
[112, 4, 9, 65]
[113, 10, 2, 62]
[114, 14, 2, 52]
[115, 15, 3, 47]
[116, 1, 18, 52]
[117, 15, 5, 65]
[118, 4, 10, 70]
[119, 4, 4, 45]
[120, 4, 11, 68]
[121, 6, 30, 64]
[122, 8, 21, 74]
[123, 12, 15, 55]
[124, 2, 22, 47]
[125, 0, 7, 73]
[126, 14, 30, 68]
[127, 7, 3, 66]
[128, 4, 7, 73]
[129, 14, 13, 61]
[130, 5, 8, 54]
[131, 6, 30, 70]
[132, 1, 29, 68]
[133, 9, 25, 70]
[134, 8, 5, 51]
[135, 2, 26, 71]
[136, 14, 25, 69]
[137, 15, 24, 75]
[138, 4, 7, 65]
[139, 4, 8, 58]
[140, 14, 2, 54]
[141, 7, 17, 73]
[142, 1, 29, 69]
[143, 0, 20, 49]
[144, 15, 7, 53]
[145, 2, 26, 64]
[146, 8, 25, 47]
[147, 2, 23, 73]
[148, 1, 24, 75]
[149, 11, 11, 75]
[150, 10, 1, 65]
[151, 7, 29, 58]
[152, 5, 15, 52]
[153, 8, 28, 49]
[154, 2, 1, 52]
[155, 9, 12, 72]
[156, 6, 21, 58]
[157, 3, 2, 73]
[158, 7, 12, 67]
[159, 3, 26, 56]
[160, 4, 2, 64]
[161, 4, 30, 62]
[162, 0, 5, 46]
[163, 9, 7, 63]
[164, 5, 4, 61]
[165, 11, 19, 45]
[166, 9, 13, 64]
[167, 7, 19, 63]
[168, 9, 11, 72]
[169, 5, 9, 75]
[170, 1, 2, 55]
[171, 8, 24, 75]
[172, 9, 19, 61]
[173, 12, 24, 68]
[174, 5, 30, 74]
[175, 6, 18, 45]
[176, 1, 19, 75]
[177, 6, 17, 58]
[178, 8, 21, 54]
[179, 13, 2, 62]
[180, 15, 16, 52]
[181, 10, 21, 69]
[182, 10, 29, 49]
[183, 4, 9, 55]
[184, 2, 3, 54]
[185, 1, 9, 57]
[186, 5, 9, 56]
[187, 11, 22, 57]
[188, 12, 5, 56]
[189, 0, 19, 73]
[190, 0, 21, 61]
[191, 5, 26, 50]
[192, 10, 2, 70]
[193, 15, 30, 75]
[194, 10, 24, 61]
[195, 8, 26, 56]
[196, 3, 29, 45]
[197, 10, 2, 49]
[198, 8, 4, 71]
[199, 2, 15, 71]
[200, 15, 19, 47]
[201, 3, 21, 65]
[202, 2, 23, 60]
[203, 3, 14, 48]
[204, 13, 29, 60]
[205, 8, 24, 46]
[206, 3, 18, 75]
[207, 12, 23, 61]
[208, 3, 23, 45]
[209, 13, 28, 55]
[210, 8, 26, 74]
[211, 15, 14, 49]
[212, 10, 12, 67]
[213, 14, 18, 46]
[214, 3, 19, 62]
[215, 9, 17, 46]
[216, 10, 7, 67]
[217, 3, 17, 67]
[218, 6, 28, 50]
[219, 7, 20, 59]
[220, 6, 9, 68]
[221, 9, 5, 67]
[222, 10, 12, 70]
[223, 14, 3, 70]
[224, 14, 21, 48]
[225, 2, 17, 62]
[226, 7, 24, 68]
[227, 0, 17, 56]
[228, 9, 2, 64]
[229, 11, 16, 67]
[230, 7, 2, 62]
[231, 10, 19, 65]
[232, 10, 18, 46]
[233, 3, 18, 61]
[234, 11, 8, 52]
[235, 5, 25, 59]
[236, 11, 1, 62]
[237, 11, 29, 50]
[238, 9, 26, 56]
[239, 3, 9, 54]
[240, 5, 13, 45]
[241, 7, 3, 75]
[242, 5, 19, 47]
[243, 12, 27, 74]
[244, 8, 28, 50]
[245, 15, 9, 66]
[246, 7, 24, 69]
[247, 0, 27, 68]
[248, 13, 28, 46]
[249, 10, 30, 72]
[250, 10, 24, 49]
[251, 13, 1, 69]
[252, 15, 3, 73]
[253, 3, 24, 65]
[254, 5, 25, 50]
[255, 15, 12, 45]
[256, 13, 9, 51]
[257, 11, 23, 66]
[258, 9, 30, 53]
[259, 9, 19, 74]
[260, 1, 3, 55]
[261, 0, 21, 62]
[262, 5, 24, 59]
[263, 1, 21, 74]
[264, 9, 15, 66]
[265, 1, 28, 47]
[266, 9, 16, 50]
[267, 10, 30, 65]
[268, 7, 4, 54]
[269, 14, 3, 54]
[270, 11, 22, 49]
[271, 6, 29, 74]
[272, 11, 25, 47]
[273, 6, 25, 49]
[274, 7, 4, 61]
[275, 4, 21, 50]
[276, 12, 5, 69]
[277, 1, 19, 57]
[278, 13, 19, 57]
[279, 1, 17, 70]
[280, 5, 30, 60]
[281, 13, 16, 66]
[282, 6, 19, 60]
[283, 0, 8, 58]
[284, 10, 23, 70]
[285, 9, 24, 63]
[286, 4, 19, 62]
[287, 11, 2, 67]
[288, 6, 17, 50]
[289, 9, 25, 56]
[290, 8, 18, 66]
[291, 9, 28, 63]
[292, 10, 2, 47]
[293, 9, 12, 66]
